249.64	17.64 	42	16.82 	158	176	60	160.30 	161.27 	168.75 	F
252.81	21.16 	46	18.20 	159	160	72	182.67 	174.44 	153.37 	F
289	25.00 	50	17.30 	170	167	70	198.68 	170.79 	176.13 	F
278.89	26.01 	51	18.29 	167	155	65	170.13 	167.75 	154.12 	F
285.61	39.69 	63	22.06 	169	158	50	183.80 	161.80 	194.40 	F
272.25	40.32 	63.5	23.32 	165	200	61	183.14 	167.96 	174.78 	F
282.24	26.01 	51	18.07 	168	166	50	158.66 	168.01 	159.04 	F
240.25	25.00 	50	20.81 	155	168	60	173.96 	174.45 	187.03 	F
265.69	24.01 	49	18.44 	163	165	51	176.89 	167.72 	186.91 	F
275.56	30.25 	55	19.96 	166	162	75	161.13 	176.92 	204.48 	F
265.69	18.49 	43	16.18 	163	177	61	190.24 	169.96 	190.74 	F
252.81	25.00 	50	19.78 	159	175	62	166.79 	167.52 	162.86 	F
240.25	21.16 	46	19.15 	155	178	45	165.11 	168.48 	182.38 	F
275.56	29.16 	54	19.60 	166	165	51	164.62 	176.10 	171.55 	F
265.69	33.64 	58	21.83 	163	160	66	167.94 	170.03 	161.61 	F
275.56	25.00 	50	18.14 	166	175	63	167.47 	173.09 	171.74 	F
306.25	30.25 	55	17.96 	175	160	59	178.78 	167.73 	170.54 	F
256	23.04 	48	18.75 	160	165	52	171.73 	164.64 	159.42 	F
320.41	33.64 	58	18.10 	179	160	60	180.29 	167.21 	188.00 	F
282.24	30.25 	55	19.49 	168	172	62	172.71 	173.28 	175.43 	F
265.69	25.00 	50	18.82 	163	166	44	196.40 	170.60 	156.06 	F
265.69	22.09 	47	17.69 	163	160	50	178.76 	162.35 	197.06 	F
259.21	29.16 	54	20.83 	161	175	60	162.09 	176.58 	174.42 	F
268.96	30.25 	55	20.45 	164	165	50	181.65 	168.84 	203.27 	F
272.25	28.09 	53	19.47 	165	161	50	143.20 	174.73 	160.88 	F
259.21	25.00 	50	19.29 	161	185	65	172.91 	171.58 	202.68 	F
256	24.01 	49	19.14 	160	155	65	171.53 	166.18 	169.10 	F
249.64	25.00 	50	20.03 	158	180	52	179.87 	158.49 	187.99 	F
249.64	25.00 	50	20.03 	158	168	65	171.89 	176.99 	186.51 	F
256	24.01 	49	19.14 	160	175	70	177.18 	178.64 	176.33 	F
289	29.16 	54	18.69 	170	170	63	174.64 	172.74 	184.51 	F
252.81	22.56 	47.5	18.79 	159	174	78	174.11 	158.48 	188.70 	F
282.24	28.09 	53	18.78 	168	168	43	176.79 	162.84 	198.54 	F
262.44	30.25 	55	20.96 	162	170	50	179.67 	177.12 	189.79 	F
256	25.00 	50	19.53 	160	170	62.5	151.55 	175.19 	180.34 	F
292.41	34.81 	59	20.18 	171	180	78	174.16 	176.63 	203.38 	F
278.89	20.25 	45	16.14 	167	185	70	158.95 	167.22 	172.68 	F
265.69	28.09 	53	19.95 	163	163	46	167.93 	171.48 	186.09 	F
282.24	21.16 	46	16.30 	168	178	75	166.82 	178.38 	174.86 	F
278.89	25.00 	50	17.93 	167	176	48	164.85 	155.03 	186.34 	F
249.64	24.01 	49	19.63 	158	162	76	175.85 	173.19 	152.54 	F
249.64	44.89 	67	26.84 	158	176	52	171.21 	161.70 	171.59 	F
275.56	25.00 	50	18.14 	166	161	54	165.36 	171.59 	153.12 	F
278.89	22.09 	47	16.85 	167	180	55	161.31 	173.01 	171.20 	F
265.69	23.04 	48	18.07 	163	176	48	166.31 	174.27 	170.04 	F
262.44	19.36 	44	16.77 	162	172	58	163.95 	174.58 	161.42 	F
262.44	27.04 	52	19.81 	162	184	68	163.12 	174.33 	197.69 	F
265.69	24.01 	49	18.44 	163	158	58	157.07 	174.08 	204.78 	F
268.96	27.04 	52	19.33 	164	184	70	163.04 	178.21 	148.19 	F
265.69	26.01 	51	19.20 	163	156	75	171.89 	165.96 	186.05 	F
275.56	30.25 	55	19.96 	166	176	49	168.48 	169.96 	166.15 	F
262.44	27.04 	52	19.81 	162	162	68	170.85 	170.83 	184.24 	F
282.24	24.01 	49	17.36 	168	178	70	174.32 	167.42 	150.04 	F
275.56	25.00 	50	18.14 	166	172	78	178.90 	164.72 	177.92 	F
282.24	28.09 	53	18.78 	168	164	72	177.45 	164.80 	191.25 	F
225	23.04 	48	21.33 	150	175	98	142.39 	161.84 	163.32 	F
265.69	17.64 	42	15.81 	163	173	62	169.48 	164.31 	160.24 	F
256	34.81 	59	23.05 	160	180	58	167.29 	170.31 	192.13 	F
282.24	39.06 	62.5	22.14 	168	160	62	176.61 	168.74 	183.38 	F
262.44	24.01 	49	18.67 	162	173	60	175.41 	170.55 	197.73 	F
252.81	25.00 	50	19.78 	159	186	62	169.55 	173.00 	162.97 	F
243.36	23.04 	48	19.72 	156	165	49	177.58 	176.54 	197.92 	F
240.25	19.36 	44	18.31 	155	182	65	183.51 	180.05 	182.43 	F
265.69	30.25 	55	20.70 	163	173	53	170.02 	171.10 	196.73 	F
275.56	25.00 	50	18.14 	166	166	61	172.48 	177.64 	173.67 	F
268.96	24.01 	49	18.22 	164	177	70	167.70 	172.20 	202.31 	F
268.96	32.49 	57	21.19 	164	172	75	164.99 	174.82 	173.90 	F
272.25	29.16 	54	19.83 	165	162	50	159.20 	162.19 	154.92 	F
265.69	31.36 	56	21.08 	163	170	64	164.21 	174.59 	182.00 	F
299.29	33.64 	58	19.38 	173	163	50	163.44 	170.51 	173.54 	F
265.69	24.01 	49	18.44 	163	165	59	168.25 	163.33 	191.94 	F
262.44	24.01 	49	18.67 	162	175	57	182.31 	176.52 	201.21 	F
249.64	20.25 	45	18.03 	158	168	62	164.71 	166.63 	153.96 	F
249.64	30.25 	55	22.03 	158	170	65	172.69 	175.81 	179.85 	F
249.64	28.09 	53	21.23 	158	162	45	172.10 	167.95 	177.30 	F
256	21.16 	46	17.97 	160	170	60	181.10 	171.12 	165.54 	F
256	23.04 	48	18.75 	160	160	57	174.28 	163.59 	174.09 	F
278.89	25.00 	50	17.93 	167	178	77	164.84 	165.71 	191.58 	F
256	24.01 	49	19.14 	160	157	51.5	202.31 	169.29 	200.74 	F
249.64	24.01 	49	19.63 	158	165	65	171.75 	171.57 	156.22 	F
295.84	30.25 	55	18.59 	172	163	42	173.45 	169.50 	201.67 	F
282.24	24.01 	49	17.36 	168	170	63	173.50 	174.06 	196.48 	F
256	24.01 	49	19.14 	160	176	44	162.62 	174.71 	151.70 	F
265.69	18.49 	43	16.18 	163	170	50	160.79 	162.04 	150.97 	F
259.21	20.25 	45	17.36 	161	161	67	183.36 	171.09 	159.20 	F
249.64	25.00 	50	20.03 	158	158	45	164.70 	165.90 	163.80 	F
249.64	21.16 	46	18.43 	158	173	44	175.54 	172.60 	160.17 	F
289	28.09 	53	18.34 	170	178	53	163.44 	175.08 	174.65 	F
285.61	26.01 	51	17.86 	169	163	55	164.10 	162.62 	172.90 	F
278.89	30.25 	55	19.72 	167	163	54	169.37 	169.03 	177.50 	F
272.25	26.01 	51	18.73 	165	163	53	180.96 	165.78 	168.44 	F
256	21.16 	46	17.97 	160	179	75	168.29 	166.21 	194.84 	F
256	27.04 	52	20.31 	160	167	85	172.04 	167.42 	194.77 	F
246.49	27.04 	52	21.10 	157	180	52	182.33 	167.53 	189.72 	F
309.76	37.21 	61	19.69 	176	163	72	170.23 	181.33 	187.79 	F
259.21	28.09 	53	20.45 	161	157	65	149.40 	171.18 	199.83 	F
256	33.64 	58	22.66 	160	159	46	175.35 	156.48 	195.99 	F
349.69	46.24 	68	19.45 	187	168	77	169.29 	183.53 	190.83 	F
324	38.44 	62	19.14 	180	173	60	168.40 	165.68 	166.48 	F
275.56	33.64 	58	21.05 	166	181	68	169.48 	173.86 	162.32 	F
302.76	38.44 	62	20.48 	174	155	63	161.58 	168.56 	165.18 	F
282.24	28.09 	53	18.78 	168	163	60	183.27 	178.05 	158.47 	F
256	33.64 	58	22.66 	160	179	55	191.82 	164.53 	183.52 	F
292.41	26.01 	51	17.44 	171	176	49	192.73 	174.14 	170.70 	F
265.69	21.16 	46	17.31 	163	161	52	161.75 	175.66 	192.38 	F
272.25	28.09 	53	19.47 	165	171	55	177.54 	169.18 	184.99 	F
268.96	21.16 	46	17.10 	164	172	50	185.98 	171.87 	162.85 	F
282.24	56.25 	75	26.57 	168	178	46	153.68 	164.74 	201.96 	F
265.69	23.04 	48	18.07 	163	169	60	171.27 	167.30 	153.91 	F
256	22.09 	47	18.36 	160	176	56	182.19 	178.11 	193.42 	F
249.64	18.49 	43	17.22 	158	180	62.5	169.95 	171.12 	195.46 	F
299.29	43.56 	66	22.05 	173	180	62	185.02 	171.51 	172.10 	F
249.64	21.62 	46.5	18.63 	158	165	72	167.66 	171.75 	173.92 	F
282.24	30.25 	55	19.49 	168	168	62.5	155.82 	171.42 	163.03 	F
243.36	20.25 	45	18.49 	156	169	68	182.51 	174.68 	180.14 	F
243.36	19.36 	44	18.08 	156	179	56	167.26 	167.16 	190.91 	F
256	18.06 	42.5	16.60 	160	168	60	176.43 	177.81 	155.42 	F
272.25	26.52 	51.5	18.92 	165	175	45	173.97 	167.93 	180.23 	F
278.89	25.00 	50	17.93 	167	178	40	165.01 	174.33 	199.74 	F
265.69	25.50 	50.5	19.01 	163	160	66	170.97 	168.73 	198.49 	F
334.89	46.24 	68	20.31 	183	155	75	174.64 	171.44 	194.11 	F
295.84	32.49 	57	19.27 	172	174	70	170.43 	167.44 	152.71 	F
289	32.49 	57	19.72 	170	173	48	165.03 	168.63 	183.69 	F
278.89	38.44 	62	22.23 	167	167	68	187.03 	163.09 	165.28 	F
316.84	51.84 	72	22.72 	178	181	49	169.85 	167.66 	180.76 	F
282.24	31.36 	56	19.84 	168	178	90	174.77 	165.42 	168.02 	F
278.89	36.00 	60	21.51 	167	169	78	159.46 	171.88 	167.43 	F
256	25.00 	50	19.53 	160	158	49	168.12 	168.65 	149.29 	F
249.64	20.25 	45	18.03 	158	185	70	179.35 	169.05 	191.55 	F
272.25	25.00 	50	18.37 	165	180	61	178.74 	177.82 	184.37 	F
289	36.00 	60	20.76 	170	160	50	168.91 	173.11 	153.58 	F
289	42.25 	65	22.49 	170	178	62	167.52 	165.87 	160.05 	F
278.89	24.01 	49	17.57 	167	178	49	177.96 	161.75 	188.92 	F
240.25	19.36 	44	18.31 	155	183	52	167.73 	166.05 	170.04 	F
272.25	30.25 	55	20.20 	165	165	61	154.84 	176.97 	168.32 	F
289	30.25 	55	19.03 	170	174	51	194.35 	182.62 	187.34 	F
272.25	25.00 	50	18.37 	165	182	59	165.45 	170.30 	179.23 	F
272.25	22.09 	47	17.26 	165	173	65	160.61 	174.84 	186.88 	F
256	26.01 	51	19.92 	160	164	50	177.05 	171.65 	177.44 	F
275.56	28.09 	53	19.23 	166	170	52	166.81 	163.52 	182.04 	F
299.29	29.16 	54	18.04 	173	169	61	176.12 	167.55 	181.38 	F
272.25	30.25 	55	20.20 	165	173	43	179.26 	171.47 	166.10 	F
249.64	20.25 	45	18.03 	158	180	85	165.84 	168.27 	157.32 	F
265.69	19.36 	44	16.56 	163	170	50	193.44 	171.24 	201.21 	F
268.96	29.16 	54	20.08 	164	165	80	162.04 	178.24 	160.20 	F
268.96	39.69 	63	23.42 	164	176	52	172.09 	161.19 	180.72 	F
262.44	27.04 	52	19.81 	162	173	88	170.41 	176.52 	166.60 	F
249.64	26.01 	51	20.43 	158	160	54	166.97 	174.16 	198.04 	F
289	30.25 	55	19.03 	170	171	65	153.45 	166.63 	173.49 	F
278.89	28.09 	53	19.00 	167	170	52	180.48 	158.28 	185.58 	F
268.96	32.49 	57	21.19 	164	165	52.5	171.19 	161.23 	151.23 	F
295.84	38.44 	62	20.96 	172	160	61	180.69 	165.49 	165.88 	F
256	16.81 	41	16.02 	160	168	67	174.50 	171.03 	185.13 	F
268.96	17.64 	42	15.62 	164	176	57	168.04 	167.08 	159.65 	F
256	20.25 	45	17.58 	160	160	42	169.31 	174.87 	184.42 	F
268.96	15.21 	39	14.50 	164	167	81	175.42 	165.63 	150.64 	F
256	25.00 	50	19.53 	160	158	45	201.30 	173.90 	172.51 	F
278.89	38.44 	62	22.23 	167	175	47	181.89 	159.52 	200.47 	F
289	32.49 	57	19.72 	170	165	55	162.75 	171.50 	186.47 	F
231.04	25.00 	50	21.64 	152	163	73	168.62 	166.51 	194.33 	F
262.44	28.09 	53	20.20 	162	175	68.5	169.90 	165.98 	177.95 	F
249.64	22.09 	47	18.83 	158	163	44	159.53 	175.97 	165.37 	F
219.04	15.21 	39	17.80 	148	156	76	169.52 	165.51 	172.99 	F
282.24	33.64 	58	20.55 	168	162	62	166.82 	163.64 	172.10 	F
272.25	16.00 	40	14.69 	165	173	47	170.77 	164.70 	183.48 	F
268.96	27.04 	52	19.33 	164	160	61	172.03 	176.58 	185.89 	F
275.56	33.64 	58	21.05 	166	177	43	174.91 	175.55 	198.10 	F
275.56	38.44 	62	22.50 	166	176	68	160.17 	180.39 	187.16 	F
256	26.01 	51	19.92 	160	173	76	168.45 	176.25 	168.53 	F
295.84	30.25 	55	18.59 	172	158	53	170.97 	164.52 	180.66 	F
262.44	23.04 	48	18.29 	162	175	72	170.47 	183.44 	204.34 	F
256	24.01 	49	19.14 	160	176	75	171.74 	168.75 	194.18 	F
249.64	21.16 	46	18.43 	158	182	72.5	171.82 	162.35 	177.71 	F
289	28.09 	53	18.34 	170	178	61	170.49 	172.75 	201.15 	F
289	36.00 	60	20.76 	170	167	62	179.07 	163.09 	157.37 	F
262.44	30.25 	55	20.96 	162	182	60	171.48 	171.65 	156.28 	F
256	20.25 	45	17.58 	160	171	65	155.99 	183.55 	194.28 	F
249.64	27.04 	52	20.83 	158	166	66	171.72 	165.00 	188.63 	F
289	25.00 	50	17.30 	170	164	49	170.91 	168.86 	164.96 	F
265.69	22.09 	47	17.69 	163	172	78	169.82 	171.96 	157.43 	F
265.69	24.01 	49	18.44 	163	173	53	157.85 	176.90 	177.84 	F
262.44	23.04 	48	18.29 	162	181	67	161.29 	168.64 	173.23 	F
289	25.00 	50	17.30 	170	166	44	189.01 	172.79 	169.28 	F
289	36.00 	60	20.76 	170	175	65	165.57 	176.31 	166.68 	F
275.56	28.09 	53	19.23 	166	183	67	163.35 	179.75 	155.92 	F
282.24	33.64 	58	20.55 	168	168	44	178.37 	163.21 	185.25 	F
240.25	17.64 	42	17.48 	155	158	48	150.84 	176.08 	191.29 	F
268.96	27.04 	52	19.33 	164	173	65	179.05 	162.77 	175.76 	F
275.56	38.44 	62	22.50 	166	173	70	168.36 	174.89 	153.11 	F
272.25	27.04 	52	19.10 	165	165	68	168.57 	163.05 	179.38 	F
282.24	33.64 	58	20.55 	168	158	62	157.44 	169.86 	180.13 	F
240.25	17.64 	42	17.48 	155	168	44	162.92 	165.56 	158.30 	F
256	18.49 	43	16.80 	160	175	65	175.35 	160.50 	180.13 	F
246.49	18.49 	43	17.44 	157	184	63	171.67 	172.60 	161.78 	F
252.81	16.00 	40	15.82 	159	182	55	175.31 	169.12 	182.64 	F
259.21	21.16 	46	17.75 	161	160	49	172.39 	163.85 	204.51 	F
292.41	28.09 	53	18.13 	171	170	73	186.02 	164.44 	172.40 	F
262.44	22.09 	47	17.91 	162	172	50	175.50 	170.09 	182.36 	F
289	31.36 	56	19.38 	170	174	50	170.05 	162.61 	179.34 	F
249.64	25.00 	50	20.03 	158	197	74	167.25 	168.58 	157.42 	F
265.69	27.04 	52	19.57 	163	178	59	167.18 	164.71 	165.23 	F
256	24.01 	49	19.14 	160	164	85	170.21 	169.49 	200.63 	F
240.25	25.00 	50	20.81 	155	172	52	174.14 	186.56 	176.04 	F
225	42.25 	65	28.89 	150	175	62	158.58 	169.14 	192.46 	F
249.64	27.04 	52	20.83 	158	158	70	161.47 	179.23 	149.98 	F
249.64	16.00 	40	16.02 	158	169.5	61	164.47 	179.49 	172.50 	F
256	25.00 	50	19.53 	160	178	60	152.84 	173.77 	190.25 	F
289	42.25 	65	22.49 	170	167	65	178.42 	166.71 	154.97 	F
265.69	25.00 	50	18.82 	163	173	63	164.12 	174.73 	161.33 	F
275.56	29.16 	54	19.60 	166	178	48	173.29 	179.25 	163.84 	F
246.49	25.00 	50	20.28 	157	175	63	146.65 	169.77 	170.74 	F
265.69	26.01 	51	19.20 	163	181	69	177.16 	167.67 	204.25 	F
285.61	29.16 	54	18.91 	169	166	54	162.55 	166.21 	189.68 	F
249.64	20.25 	45	18.03 	158	179	43	186.37 	162.48 	184.45 	F
243.36	16.00 	40	16.44 	156	165	62	175.22 	164.79 	180.40 	F
256	23.04 	48	18.75 	160	174	52	190.06 	168.92 	181.01 	F
252.81	25.00 	50	19.78 	159	167	58	169.07 	181.52 	197.03 	F
222.01	23.04 	48	21.62 	149	162	55	169.41 	169.61 	176.48 	F
272.25	29.16 	54	19.83 	165	178	60	164.51 	164.71 	150.25 	F
256	21.16 	46	17.97 	160	178	85	181.88 	175.84 	185.77 	F
282.24	29.16 	54	19.13 	168	176	62	161.40 	167.94 	195.63 	F
256	20.25 	45	17.58 	160	182	66	153.08 	174.98 	185.37 	F
265.69	25.00 	50	18.82 	163	167	65	170.31 	174.64 	159.06 	F
272.25	36.00 	60	22.04 	165	178	80	165.87 	178.18 	175.94 	F
231.04	24.01 	49	21.21 	152	163	70	162.89 	186.92 	184.08 	F
275.56	26.01 	51	18.51 	166	184	48	162.44 	173.68 	199.75 	F
256	30.25 	55	21.48 	160	163	59	174.66 	169.28 	183.69 	F
265.69	30.25 	55	20.70 	163	152	80	167.17 	172.66 	180.25 	F
256	27.04 	52	20.31 	160	160	48	180.79 	167.70 	167.62 	F
240.25	17.64 	42	17.48 	155	165	54	179.09 	171.77 	170.26 	F
256	49.00 	70	27.34 	160	168	44	168.63 	171.82 	157.65 	F
240.25	30.25 	55	22.89 	155	182	67	185.09 	171.91 	202.83 	F
256	44.89 	67	26.17 	160	194	60	172.20 	164.13 	180.80 	F
268.96	81.00 	90	33.46 	164	160	50	167.03 	172.77 	172.43 	F
272.25	34.81 	59	21.67 	165	168	55	178.61 	161.16 	171.76 	F
268.96	47.61 	69	25.65 	164	168	42	186.35 	175.96 	190.16 	F
243.36	30.25 	55	22.60 	156	163	55	155.94 	174.81 	185.18 	F
249.64	29.16 	54	21.63 	158	173	64	178.94 	171.53 	172.67 	F
275.56	27.56 	52.5	19.05 	166	166	60	150.62 	170.04 	178.39 	F
289	30.25 	55	19.03 	170	187	50	189.41 	170.49 	171.55 	F
243.36	25.00 	50	20.55 	156	174	50	164.00 	182.88 	161.37 	F
268.96	24.01 	49	18.22 	164	180	48	179.03 	171.89 	194.41 	F
256	24.01 	49	19.14 	160	182	67	173.25 	171.56 	172.51 	F
259.21	25.00 	50	19.29 	161	169	65	166.76 	172.27 	195.15 	F
265.69	24.01 	49	18.44 	163	172	45	165.94 	168.80 	165.08 	F
246.49	26.01 	51	20.69 	157	169	57	181.57 	168.54 	171.30 	F
259.21	28.09 	53	20.45 	161	168	45	159.86 	178.90 	185.81 	F
249.64	20.25 	45	18.03 	158	166	47.5	166.06 	169.77 	169.87 	F
246.49	15.21 	39	15.82 	157	172	60	163.37 	171.73 	172.07 	F
295.84	57.76 	76	25.69 	172	182	55	185.56 	176.22 	196.52 	M
285.61	51.84 	72	25.21 	169	170	69	176.90 	164.61 	193.81 	M
327.61	72.25 	85	25.95 	181	152	44	177.92 	173.03 	180.51 	M
327.61	46.24 	68	20.76 	181	158	51	173.03 	164.93 	197.92 	M
285.61	36.00 	60	21.01 	169	172	70	158.99 	170.01 	171.64 	M
331.24	59.29 	77	23.25 	182	160	58	175.23 	162.74 	195.08 	M
306.25	44.89 	67	21.88 	175	160	54	166.73 	162.86 	191.43 	M
309.76	51.84 	72	23.24 	176	170	60	179.60 	172.19 	188.15 	M
320.41	29.16 	54	16.85 	179	192	67	178.76 	171.86 	156.78 	M
299.29	43.56 	66	22.05 	173	182	73	166.17 	168.84 	180.93 	M
306.25	38.44 	62	20.24 	175	160	63	174.55 	170.70 	190.01 	M
306.25	65.61 	81	26.45 	175	164	59	159.94 	173.60 	170.46 	M
342.25	39.06 	62.5	18.26 	185	165	58	175.55 	177.74 	176.83 	M
289	43.56 	66	22.84 	170	183	45	188.73 	170.41 	187.23 	M
316.84	47.61 	69	21.78 	178	167	66	177.30 	170.25 	166.79 	M
309.76	30.25 	55	17.76 	176	166	60	148.26 	162.41 	203.77 	M
313.29	39.06 	62.5	19.95 	177	170	71	175.85 	170.88 	174.98 	M
302.76	44.89 	67	22.13 	174	174	55	174.61 	171.05 	202.84 	M
282.24	38.44 	62	21.97 	168	178	48	172.46 	170.46 	171.22 	M
289	49.00 	70	24.22 	170	163	60	176.01 	174.06 	166.38 	M
282.24	27.04 	52	18.42 	168	165	51	163.63 	160.75 	170.73 	M
400	66.75 	81.7	20.43 	200	175	62	165.00 	167.78 	203.96 	M
316.84	77.44 	88	27.77 	178	160	68	168.57 	166.98 	171.60 	M
316.84	42.25 	65	20.52 	178	160	55	168.28 	169.49 	203.69 	M
309.76	51.84 	72	23.24 	176	178	47	182.13 	162.23 	194.67 	M
342.25	64.00 	80	23.37 	185	179	45	161.35 	172.78 	197.92 	M
327.61	42.25 	65	19.84 	181	175	60	184.54 	164.64 	164.11 	M
316.84	36.00 	60	18.94 	178	163	65	160.69 	174.64 	148.95 	M
306.25	49.00 	70	22.86 	175	177	46	182.20 	169.15 	172.52 	M
338.56	49.00 	70	20.68 	184	165	58	170.75 	169.80 	193.76 	M
309.76	43.56 	66	21.31 	176	165	75	170.92 	174.49 	163.03 	M
309.76	36.00 	60	19.37 	176	186	80	180.56 	169.89 	156.64 	M
338.56	34.81 	59	17.43 	184	163	70	170.78 	165.52 	148.41 	M
302.76	70.56 	84	27.74 	174	168	67	163.35 	169.78 	181.27 	M
289	46.24 	68	23.53 	170	177	72	148.21 	172.13 	159.53 	M
320.41	40.96 	64	19.97 	179	179	70	170.80 	169.63 	179.23 	M
295.84	31.36 	56	18.93 	172	168	52	179.54 	174.27 	173.96 	M
316.84	44.89 	67	21.15 	178	176	54	171.40 	172.11 	158.76 	M
295.84	33.64 	58	19.61 	172	168	59	177.28 	174.55 	163.87 	M
306.25	40.96 	64	20.90 	175	168	87	158.58 	162.49 	173.46 	M
256	23.04 	48	18.75 	160	180	60	153.12 	175.58 	165.62 	M
289	38.44 	62	21.45 	170	162	54	158.50 	161.84 	179.93 	M
342.25	42.25 	65	18.99 	185	162	46	194.20 	172.23 	182.74 	M
292.41	34.81 	59	20.18 	171	178	70	174.06 	163.65 	163.83 	M
320.41	31.36 	56	17.48 	179	161	60.5	176.40 	162.44 	149.34 	M
316.84	42.25 	65	20.52 	178	163	65	164.61 	178.37 	155.38 	M
316.84	56.25 	75	23.67 	178	160	51	189.09 	162.68 	148.93 	M
289	47.61 	69	23.88 	170	180	45	164.20 	168.11 	154.84 	M
309.76	39.69 	63	20.34 	176	179	55	182.26 	174.48 	189.93 	M
316.84	46.24 	68	21.46 	178	182	50	177.97 	160.89 	173.90 	M
309.76	43.56 	66	21.31 	176	158	48	167.29 	172.23 	159.48 	M
285.61	46.24 	68	23.81 	169	168	60	158.42 	176.61 	169.38 	M
306.25	34.81 	59	19.27 	175	182	50	177.38 	177.77 	175.48 	M
334.89	38.44 	62	18.51 	183	178	54	173.89 	176.96 	162.20 	M
327.61	43.56 	66	20.15 	181	163	61	187.75 	173.48 	202.80 	M
316.84	46.24 	68	21.46 	178	160	65	176.13 	174.03 	186.39 	M
302.76	38.44 	62	20.48 	174	160	51	157.06 	174.59 	148.30 	M
316.84	47.61 	69	21.78 	178	168	52	184.36 	175.61 	154.41 	M
316.84	42.25 	65	20.52 	178	175	62	159.02 	169.81 	169.77 	M
349.69	60.84 	78	22.31 	187	164	101	161.69 	165.00 	190.51 	M
289	38.44 	62	21.45 	170	165	70	164.42 	173.44 	155.76 	M
299.29	42.25 	65	21.72 	173	162	39	176.53 	168.82 	199.76 	M
289	37.21 	61	21.11 	170	170	71	174.98 	162.95 	199.30 	M
331.24	42.25 	65	19.62 	182	162	64	157.89 	171.35 	195.52 	M
292.41	33.64 	58	19.84 	171	168	65	165.20 	172.90 	177.27 	M
342.25	64.00 	80	23.37 	185	170	83	160.81 	168.40 	189.97 	M
299.29	37.21 	61	20.38 	173	160	51	158.51 	160.20 	173.75 	M
309.76	42.25 	65	20.98 	176	170	53	194.20 	173.64 	153.05 	M
289	44.89 	67	23.18 	170	179	50	201.18 	165.56 	199.29 	M
324	36.00 	60	18.52 	180	168	44	165.82 	167.92 	175.28 	M
316.84	36.00 	60	18.94 	178	181	47	175.89 	166.00 	197.58 	M
334.89	56.25 	75	22.40 	183	155	47	177.42 	170.19 	172.32 	M
316.84	38.44 	62	19.57 	178	183	50	162.06 	166.66 	179.49 	M
289	44.89 	67	23.18 	170	160	68	154.54 	169.59 	198.24 	M
331.24	49.00 	70	21.13 	182	177	52	169.20 	169.93 	167.46 	M
295.84	36.00 	60	20.28 	172	168	49	175.78 	171.30 	163.11 	M
327.61	39.69 	63	19.23 	181	180	59	162.84 	168.47 	197.27 	M
316.84	40.96 	64	20.20 	178	160	62	166.60 	161.70 	198.95 	M
338.56	60.84 	78	23.04 	184	180	65	168.18 	183.48 	167.33 	M
306.25	42.25 	65	21.22 	175	172	68	184.54 	175.86 	165.60 	M
282.24	39.69 	63	22.32 	168	185	78	178.10 	168.25 	150.36 	M
299.29	42.25 	65	21.72 	173	159	53	179.15 	166.04 	168.01 	M
345.96	36.00 	60	17.34 	186	177	46	177.27 	174.47 	169.18 	M
282.24	29.16 	54	19.13 	168	162	58	166.99 	162.10 	174.90 	M
316.84	32.49 	57	17.99 	178	158	45	165.08 	170.48 	188.75 	M
309.76	46.24 	68	21.95 	176	163	80	189.85 	176.17 	201.39 	M
289	36.00 	60	20.76 	170	178	41	162.85 	168.14 	177.80 	M
316.84	51.84 	72	22.72 	178	182	47	183.09 	166.97 	150.21 	M
306.25	56.25 	75	24.49 	175	176	67	168.96 	163.73 	165.24 	M
268.96	42.25 	65	24.17 	164	182	51	173.06 	171.91 	194.70 	M
289	30.25 	55	19.03 	170	166	80	175.61 	166.30 	204.85 	M
289	37.21 	61	21.11 	170	163	52	170.85 	175.49 	179.97 	M
278.89	39.69 	63	22.59 	167	174	50	162.14 	169.34 	186.13 	M
299.29	39.69 	63	21.05 	173	161	85	169.90 	179.08 	167.89 	M
299.29	49.00 	70	23.39 	173	176	63	168.79 	166.54 	187.88 	M
306.25	38.44 	62	20.24 	175	177	48	160.20 	174.04 	198.33 	M
309.76	47.61 	69	22.28 	176	170	65	164.67 	166.57 	148.05 	M
338.56	57.76 	76	22.45 	184	167	45	166.32 	165.46 	154.62 	M
334.89	54.76 	74	22.10 	183	180	62.5	166.98 	171.25 	182.60 	M
316.84	34.81 	59	18.62 	178	163	45	151.35 	168.61 	182.31 	M
289	51.84 	72	24.91 	170	183	70	161.18 	172.77 	172.76 	M
320.41	64.00 	80	24.97 	179	170	80	162.15 	166.38 	189.75 	M
324	49.00 	70	21.60 	180	170	60	164.98 	171.68 	155.97 	M
320.41	36.00 	60	18.73 	179	168	69	187.14 	176.81 	159.24 	M
342.25	57.76 	76	22.21 	185	182	75	189.69 	171.39 	182.42 	M
309.76	39.69 	63	20.34 	176	180	80	171.34 	164.25 	174.61 	M
327.61	31.36 	56	17.09 	181	171	51	157.64 	161.80 	159.04 	M
299.29	49.00 	70	23.39 	173	175	63	174.46 	163.21 	181.17 	M
292.41	34.81 	59	20.18 	171	168	52	168.33 	167.03 	191.43 	M
289	30.25 	55	19.03 	170	165	49	157.12 	183.51 	177.43 	M
380.25	96.04 	98	25.77 	195	161	60	170.37 	174.25 	160.28 	M
388.09	96.04 	98	25.25 	197	162	71	161.17 	169.76 	199.09 	M
299.29	56.25 	75	25.06 	173	160	62	181.74 	179.88 	186.35 	M
309.76	37.21 	61	19.69 	176	160	50	172.07 	161.32 	172.70 	M
342.25	49.00 	70	20.45 	185	189	50	163.06 	163.48 	200.96 	M
338.56	60.84 	78	23.04 	184	170	72	175.43 	166.52 	196.14 	M
306.25	42.25 	65	21.22 	175	180	48	172.08 	161.98 	149.74 	M
320.41	56.25 	75	23.41 	179	173	51	178.01 	164.12 	195.83 	M
299.29	43.56 	66	22.05 	173	168	49	159.80 	174.03 	160.99 	M
313.29	50.41 	71	22.66 	177	181	68	174.72 	169.85 	163.62 	M
331.24	56.25 	75	22.64 	182	173	54	157.61 	168.90 	154.46 	M
324	54.76 	74	22.84 	180	175	62	165.97 	167.60 	176.55 	M
331.24	50.41 	71	21.43 	182	160	60	155.65 	172.10 	164.67 	M
331.24	50.41 	71	21.43 	182	166	39	168.37 	173.53 	192.33 	M
282.24	27.04 	52	18.42 	168	171	47	180.20 	164.61 	202.07 	M
289	33.64 	58	20.07 	170	170	47	174.93 	168.19 	187.08 	M
282.24	36.00 	60	21.26 	168	160	65	161.47 	170.65 	193.23 	M
345.96	33.64 	58	16.76 	186	168	48	169.11 	161.63 	163.13 	M
309.76	64.00 	80	25.83 	176	178	55	188.48 	167.16 	199.40 	M
292.41	81.00 	90	30.78 	171	160	53	168.93 	169.56 	149.16 	M
306.25	53.29 	73	23.84 	175	180	57	172.33 	174.72 	185.05 	M
289	28.09 	53	18.34 	170	148	62	163.17 	172.05 	157.90 	M
306.25	49.00 	70	22.86 	175	173	65	168.48 	169.59 	179.88 	M
320.41	33.64 	58	18.10 	179	176	66	178.25 	171.97 	183.65 	M
331.24	42.25 	65	19.62 	182	170	45	187.58 	170.98 	184.50 	M
299.29	38.44 	62	20.72 	173	171	80	153.09 	173.28 	158.75 	M
324	46.24 	68	20.99 	180	156	53	186.52 	175.66 	179.05 	M
295.84	36.00 	60	20.28 	172	178	47	167.97 	182.53 	167.38 	M
299.29	39.69 	63	21.05 	173	183	65	171.44 	165.20 	160.79 	M
289	64.00 	80	27.68 	170	164	43	159.24 	176.71 	192.69 	M
327.61	88.36 	94	28.69 	181	168	74	183.30 	177.00 	163.48 	M
309.76	53.29 	73	23.57 	176	177	63	180.06 	169.84 	152.94 	M
316.84	34.81 	59	18.62 	178	171	75	177.49 	163.86 	189.50 	M
313.29	40.96 	64	20.43 	177	170	50	169.75 	172.53 	194.17 	M
306.25	46.24 	68	22.20 	175	166	70	157.46 	174.01 	190.38 	M
327.61	42.25 	65	19.84 	181	173	57	157.07 	171.05 	171.18 	M
324	36.00 	60	18.52 	180	175	66	166.08 	164.63 	155.75 	M
272.25	36.00 	60	22.04 	165	175	70	167.30 	167.96 	175.96 	M
289	36.00 	60	20.76 	170	164	65	166.70 	166.52 	158.32 	M
316.84	30.25 	55	17.36 	178	164	67	193.64 	181.20 	156.47 	M
316.84	36.00 	60	18.94 	178	175	76	183.01 	164.58 	157.13 	M
320.41	64.00 	80	24.97 	179	155	54.5	171.61 	176.73 	169.43 	M
289	37.21 	61	21.11 	170	173	50	169.07 	168.03 	189.55 	M
313.29	46.24 	68	21.71 	177	183	55	147.55 	168.13 	155.23 	M
331.24	42.25 	65	19.62 	182	178	51	177.80 	177.35 	185.53 	M
342.25	64.00 	80	23.37 	185	160	53	167.79 	174.59 	177.29 	M
327.61	56.25 	75	22.89 	181	173	55	189.08 	165.27 	178.06 	M
299.29	56.25 	75	25.06 	173	160	70	189.99 	173.12 	181.57 	M
324	46.24 	68	20.99 	180	163	48	187.93 	168.66 	165.99 	M
295.84	42.25 	65	21.97 	172	170	95	170.92 	164.05 	149.27 	M
316.84	36.00 	60	18.94 	178	164	59	188.84 	170.43 	171.23 	M
309.76	54.76 	74	23.89 	176	185	58	176.18 	158.88 	150.68 	M
334.89	56.25 	75	22.40 	183	183	71	159.23 	175.30 	157.44 	M
292.41	25.00 	50	17.10 	171	165	49	161.32 	170.24 	202.27 	M
334.89	57.76 	76	22.69 	183	163	68	160.03 	172.09 	177.43 	M
316.84	36.00 	60	18.94 	178	173	70	172.23 	165.13 	160.98 	M
313.29	30.25 	55	17.56 	177	167	56	151.87 	164.80 	187.48 	M
324	56.25 	75	23.15 	180	168	47	165.67 	167.95 	184.20 	M
309.76	42.25 	65	20.98 	176	178	65	171.02 	171.48 	197.56 	M
306.25	49.00 	70	22.86 	175	170	49	188.22 	172.94 	187.41 	M
302.76	38.44 	62	20.48 	174	180	65	185.15 	173.67 	189.90 	M
295.84	37.21 	61	20.62 	172	172	48	155.70 	163.81 	189.03 	M
309.76	37.21 	61	19.69 	176	177	59	157.79 	170.06 	150.96 	M
306.25	42.25 	65	21.22 	175	182	77	164.29 	174.11 	204.38 	M
313.29	42.25 	65	20.75 	177	180	50	166.06 	170.27 	170.55 	M
289	46.24 	68	23.53 	170	162	55	176.42 	166.89 	170.14 	M
338.56	42.25 	65	19.20 	184	167	63	164.86 	175.50 	196.84 	M
309.76	53.29 	73	23.57 	176	172	51	163.76 	173.75 	148.86 	M
316.84	34.81 	59	18.62 	178	185	54	155.61 	169.72 	151.43 	M
320.41	64.00 	80	24.97 	179	174	53	175.74 	161.59 	204.08 	M
324	49.00 	70	21.60 	180	180	65	166.89 	176.85 	171.06 	M
345.96	70.56 	84	24.28 	186	172	55	173.41 	172.41 	189.58 	M
309.76	53.29 	73	23.57 	176	163	43	160.09 	169.95 	182.95 	M
342.25	38.44 	62	18.12 	185	168	73	146.17 	168.37 	199.69 	M
338.56	75.69 	87	25.70 	184	181	60	170.10 	168.53 	186.51 	M
324	90.25 	95	29.32 	180	173	52	176.17 	172.63 	153.73 	M
324	102.01 	101	31.17 	180	166	48	153.82 	163.58 	202.40 	M
316.84	53.29 	73	23.04 	178	158	52	173.96 	161.53 	156.57 	M
289	42.25 	65	22.49 	170	164	67	166.88 	168.55 	186.09 	M
309.76	44.89 	67	21.63 	176	172	55	165.46 	181.33 	201.55 	M
327.61	90.25 	95	29.00 	181	158	43	186.78 	170.14 	195.31 	M
316.84	56.25 	75	23.67 	178	158	54	164.28 	171.13 	201.09 	M
295.84	36.00 	60	20.28 	172	170	50	186.94 	178.55 	193.42 	M
299.29	40.96 	64	21.38 	173	160	50	170.27 	170.26 	162.70 	M
302.76	42.25 	65	21.47 	174	176	56	138.63 	169.31 	168.08 	M
316.84	34.81 	59	18.62 	178	164	47	186.07 	171.24 	176.19 	M
289	51.84 	72	24.91 	170	170	130	166.87 	167.14 	192.34 	M
320.41	64.00 	80	24.97 	179	179	70	176.03 	163.85 	197.88 	M
324	49.00 	70	21.60 	180	176	61	172.40 	170.27 	167.94 	M
309.76	53.29 	73	23.57 	176	165	45	169.86 	171.45 	168.45 	M
278.89	34.81 	59	21.16 	167	159	68	183.32 	172.62 	166.53 	M
342.25	38.44 	62	18.12 	185	178	66	168.53 	165.07 	199.39 	M
295.84	36.00 	60	20.28 	172	162	55	175.75 	178.39 	178.80 	M
316.84	42.25 	65	20.52 	178	158	49	176.14 	162.98 	173.01 	M
309.76	40.96 	64	20.66 	176	174	60	154.01 	161.74 	158.84 	M
272.25	39.69 	63	23.14 	165	170	60	170.56 	167.83 	197.43 	M
282.24	40.96 	64	22.68 	168	178	55	163.30 	171.88 	153.79 	M
327.61	56.25 	75	22.89 	181	162	57	178.84 	161.58 	155.34 	M
327.61	60.84 	78	23.81 	181	158	75	162.70 	168.22 	165.65 	M
289	72.25 	85	29.41 	170	173	51	162.57 	172.98 	202.15 	M
309.76	56.25 	75	24.21 	176	178	43	174.50 	172.65 	179.09 	M
299.29	46.24 	68	22.72 	173	167	48	165.78 	166.46 	195.28 	M
282.24	36.00 	60	21.26 	168	180	75	181.14 	172.10 	161.60 	M
306.25	42.25 	65	21.22 	175	155	60	161.67 	164.76 	177.37 	M
327.61	49.00 	70	21.37 	181	165	51	176.80 	180.10 	170.50 	M
320.41	43.56 	66	20.60 	179	175	73	156.63 	180.38 	151.19 	M
359.1025	61.62 	78.5	21.86 	189.5	180	54	160.42 	172.29 	168.96 	M
316.84	39.69 	63	19.88 	178	185	42	154.42 	168.72 	149.90 	M
299.29	44.89 	67	22.39 	173	163	43	164.24 	173.08 	184.20 	M
272.25	51.84 	72	26.45 	165	165	58	176.98 	175.73 	152.28 	M
299.29	38.44 	62	20.72 	173	182	42	171.76 	171.10 	186.94 	M
316.84	53.29 	73	23.04 	178	180	89	165.84 	182.58 	149.31 	M
289	29.16 	54	18.69 	170	170	60	174.45 	173.97 	172.04 	M
309.76	43.56 	66	21.31 	176	166	52	153.70 	170.49 	156.21 	M
316.84	60.84 	78	24.62 	178	174	66	192.13 	175.49 	160.68 	M
309.76	36.00 	60	19.37 	176	163	52	163.27 	169.19 	188.65 	M
338.56	34.81 	59	17.43 	184	161	55	162.63 	169.45 	196.12 	M
316.84	60.84 	78	24.62 	178	176	48	155.14 	167.75 	150.39 	M
282.24	29.16 	54	19.13 	168	163	49	174.70 	171.60 	154.91 	M
299.29	39.69 	63	21.05 	173	155	81.7	169.72 	167.59 	180.93 	M
338.56	49.00 	70	20.68 	184	158	73	165.08 	171.48 	162.40 	M
306.25	77.44 	88	28.73 	175	168	58	163.41 	169.78 	177.37 	M
306.25	44.89 	67	21.88 	175	156	51	167.46 	172.59 	168.31 	M
295.84	64.00 	80	27.04 	172	170	88	167.25 	168.78 	185.37 	M
309.76	49.00 	70	22.60 	176	182	52	164.61 	170.95 	174.01 	M
316.84	33.64 	58	18.31 	178	175	56	164.32 	166.88 	194.12 	M
324	72.25 	85	26.23 	180	179	54	173.03 	160.42 	195.75 	M
327.61	42.25 	65	19.84 	181	173	65	161.65 	166.64 	154.08 	M
299.29	36.00 	60	20.05 	173	160	60	159.05 	159.75 	192.12 	M
320.41	49.00 	70	21.85 	179	171	74	175.55 	175.87 	184.28 	M
309.76	56.25 	75	24.21 	176	180	68	158.39 	178.70 	190.70 	M
342.25	51.84 	72	21.04 	185	165	73	160.90 	167.40 	166.17 	M
324	51.84 	72	22.22 	180	155	63	159.94 	165.43 	204.68 	M
327.61	42.25 	65	19.84 	181	172	70	175.91 	165.59 	155.46 	M
289	36.00 	60	20.76 	170	167	48	170.24 	173.53 	154.42 	M
324	42.25 	65	20.06 	180	176	47	181.33 	177.58 	163.31 	M
302.76	44.89 	67	22.13 	174	165	55	168.47 	171.17 	195.93 	M
272.25	50.41 	71	26.08 	165	181	57	171.01 	162.88 	202.22 	M
331.24	51.84 	72	21.74 	182	178	69	179.60 	172.44 	155.27 	M
302.76	34.81 	59	19.49 	174	170	75	165.57 	156.55 	176.39 	M
324	64.00 	80	24.69 	180	155	90	162.69 	168.62 	159.20 	M
324	52.56 	72.5	22.38 	180	178	63	164.64 	165.68 	188.39 	M
320.41	46.24 	68	21.22 	179	171	51.5	159.58 	172.97 	189.73 	M
292.41	44.89 	67	22.91 	171	171	67	179.01 	172.52 	198.73 	M
282.24	46.24 	68	24.09 	168	165	63	151.88 	166.04 	152.68 	M
324	46.24 	68	20.99 	180	178	82	174.82 	174.43 	151.07 	M
302.76	49.00 	70	23.12 	174	185	54	160.61 	172.44 	157.02 	M
345.96	64.00 	80	23.12 	186	176	62	166.52 	170.33 	178.50 	M
320.41	29.16 	54	16.85 	179	176	55	166.79 	167.29 	167.16 	M